1 0 210 0
2 0 50 0
3 0 50 0
4 0 55 0
5 0 165 0
6 0 46 0
7 0 177 0
8 0 138 0
9 0 95 0
10 0 61 0
11 0 31 0
12 0 44 0
13 0 31 0
14 0 210 0
15 0 82 0
16 0 82 0
17 0 144 0
18 0 70 0
19 0 155 0
20 0 166 0
21 0 210 0
22 0 175 0
23 0 210 0
24 0 126 0
25 0 210 0
26 0 210 0
27 0 210 0
28 0 210 0
29 0 61 0
30 0 210 0
31 0 210 0
32 0 210 0
33 0 78 0
34 0 78 0
35 0 210 0
36 0 210 0
37 0 175 0
38 0 175 0
39 0 210 0
41 32 58 13
42 32 44 13
44 45 51 12
45 45 51 12
46 47 47 0
48 51 55 2
49 51 130 2
51 52 82 45
52 52 58 45
54 56 130 48
55 56 210 48
57 59 95 52
58 59 61 52
61 62 210 0
62 62 114 58
63 62 82 58
70 71 136 18
71 71 210 18
73 79 210 33
74 79 196 33
77 83 112 63
78 83 112 63
79 83 113 15
80 83 113 15
91 96 133 9
92 96 155 9
103 113 134 78
104 113 133 78
106 114 125 80
107 114 125 80
112 116 210 0
114 126 196 107
115 126 166 107
116 127 138 24
117 127 210 24
119 131 155 49
120 131 155 49
123 134 136 0
124 134 134 104
125 134 210 104
127 135 138 124
128 135 198 124
129 137 210 70
130 137 141 70
132 139 142 127
133 139 148 127
134 139 210 116
135 139 210 116
140 143 174 0
141 143 151 132
142 143 151 132
159 152 198 141
160 152 155 141
164 156 162 0
165 156 165 120
166 156 193 120
167 156 210 160
168 156 185 160
170 163 163 0
174 166 210 165
175 166 193 165
177 167 210 115
178 167 175 115
179 169 169 0
181 176 196 38
182 176 210 38
183 176 210 178
184 176 196 178
187 178 196 0
188 178 178 0
197 186 210 168
198 186 210 168
209 190 190 0
224 194 210 175
225 194 200 175
234 197 210 184
235 197 210 184
236 197 210 181
237 197 210 181
241 199 210 159
242 199 210 159
244 201 210 225
245 201 210 225
