,Epoch,Train_Loss
0,0.0,6.8217363357543945
1,1.0,5.296486854553223
2,2.0,4.915977478027344
3,3.0,4.906308650970459
4,4.0,4.879471778869629
5,5.0,5.211441993713379
6,6.0,4.7404704093933105
7,7.0,4.5652947425842285
8,8.0,4.79213285446167
9,9.0,4.683375835418701
10,10.0,4.648229122161865
11,11.0,4.2250800132751465
12,12.0,4.750718593597412
13,13.0,4.374443054199219
14,14.0,4.306286811828613
15,15.0,4.321792125701904
16,16.0,4.2937822341918945
17,17.0,4.316380977630615
18,18.0,4.5739874839782715
19,19.0,4.1826324462890625
20,20.0,4.316812038421631
21,21.0,4.17639684677124
22,22.0,4.148423671722412
23,23.0,4.112742900848389
24,24.0,4.176372051239014
25,25.0,4.108249664306641
26,26.0,4.059901714324951
27,27.0,4.226102352142334
28,28.0,3.9130609035491943
29,29.0,4.1071929931640625
30,30.0,4.1632256507873535
31,31.0,3.831758975982666
32,32.0,3.9075210094451904
33,33.0,4.33156156539917
34,34.0,4.233748912811279
35,35.0,3.710466146469116
36,36.0,3.8740334510803223
37,37.0,3.672070264816284
38,38.0,3.639923095703125
39,39.0,3.955846071243286
40,40.0,3.9391090869903564
41,41.0,4.149224281311035
42,42.0,3.727753162384033
43,43.0,4.115607738494873
44,44.0,3.8271920680999756
45,45.0,3.7765870094299316
46,46.0,3.5685501098632812
47,47.0,3.743788957595825
48,48.0,3.7166659832000732
49,49.0,3.435300827026367
50,50.0,3.7241389751434326
51,51.0,3.6475937366485596
52,52.0,3.60723614692688
53,53.0,3.5754806995391846
54,54.0,3.8480777740478516
55,55.0,4.712433338165283
56,56.0,4.20720911026001
57,57.0,3.745497941970825
58,58.0,3.952519655227661
59,59.0,3.6143524646759033
60,60.0,3.7048451900482178
61,61.0,4.1633620262146
62,62.0,3.6372597217559814
63,63.0,3.3984642028808594
64,64.0,3.829371213912964
65,65.0,3.7859580516815186
66,66.0,3.4923646450042725
67,67.0,3.6374733448028564
68,68.0,3.5243003368377686
69,69.0,3.649400472640991
70,70.0,3.7647628784179688
71,71.0,3.559469699859619
72,72.0,3.3458974361419678
73,73.0,3.6162731647491455
74,74.0,3.6973330974578857
75,75.0,3.661053419113159
76,76.0,3.5438778400421143
77,77.0,3.751007556915283
78,78.0,3.431041717529297
79,79.0,3.5677223205566406
80,80.0,3.6346046924591064
81,81.0,3.370836019515991
82,82.0,3.3867568969726562
83,83.0,3.2187774181365967
84,84.0,3.2895660400390625
85,85.0,3.5186023712158203
86,86.0,3.352379322052002
87,87.0,3.461571455001831
88,88.0,3.429389238357544
89,89.0,3.454468250274658
90,90.0,3.367732286453247
91,91.0,3.3701188564300537
92,92.0,3.564253330230713
93,93.0,3.253631591796875
94,94.0,3.264023542404175
95,95.0,3.354970693588257
96,96.0,3.362565279006958
97,97.0,3.222799301147461
98,98.0,3.47391676902771
99,99.0,3.2976016998291016
100,100.0,3.130805015563965
101,101.0,3.201744794845581
102,102.0,3.569584608078003
103,103.0,3.3563830852508545
104,104.0,3.570274829864502
105,105.0,3.2541019916534424
106,106.0,3.262829542160034
107,107.0,3.1193275451660156
108,108.0,3.278627395629883
109,109.0,3.431476593017578
110,110.0,3.2682197093963623
111,111.0,3.324902296066284
112,112.0,3.0324246883392334
113,113.0,3.402575731277466
114,114.0,3.18717098236084
115,115.0,3.3252530097961426
116,116.0,3.4150807857513428
117,117.0,3.239779233932495
118,118.0,3.3976025581359863
119,119.0,3.3676202297210693
120,120.0,3.1883599758148193
121,121.0,3.2992756366729736
122,122.0,3.029309034347534
123,123.0,3.200299024581909
124,124.0,3.0519654750823975
125,125.0,3.149742364883423
126,126.0,2.9989259243011475
127,127.0,3.3376643657684326
128,128.0,3.1014397144317627
129,129.0,3.1580770015716553
130,130.0,3.0868566036224365
131,131.0,3.3942158222198486
132,132.0,3.390733480453491
133,133.0,3.503843307495117
134,134.0,3.225233793258667
135,135.0,3.299081563949585
136,136.0,3.1936850547790527
137,137.0,3.072179079055786
138,138.0,3.0581326484680176
139,139.0,3.096773862838745
140,140.0,3.265961170196533
141,141.0,3.1672914028167725
142,142.0,3.191983938217163
143,143.0,3.2769229412078857
144,144.0,3.576331377029419
145,145.0,3.530165433883667
146,146.0,3.2969307899475098
147,147.0,3.207887649536133
148,148.0,3.113159656524658
149,149.0,3.203573703765869
150,150.0,3.1609132289886475
151,151.0,3.1380183696746826
152,152.0,3.174131155014038
153,153.0,3.188662528991699
154,154.0,3.178685426712036
155,155.0,3.127013921737671
156,156.0,3.145983934402466
157,157.0,3.1063733100891113
158,158.0,3.1909501552581787
159,159.0,3.067220449447632
160,160.0,3.2508182525634766
161,161.0,3.1371116638183594
162,162.0,3.0502636432647705
163,163.0,3.113058090209961
164,164.0,2.9744982719421387
165,165.0,3.0010361671447754
166,166.0,2.9928712844848633
167,167.0,3.14556622505188
168,168.0,3.028536319732666
169,169.0,3.2444980144500732
170,170.0,3.2141494750976562
171,171.0,2.979924440383911
172,172.0,2.9629886150360107
173,173.0,2.952977180480957
174,174.0,3.0948426723480225
175,175.0,3.038363218307495
176,176.0,3.0559542179107666
177,177.0,3.2823235988616943
178,178.0,2.8867568969726562
179,179.0,3.046567678451538
180,180.0,3.2414181232452393
181,181.0,3.21174693107605
182,182.0,3.162128448486328
183,183.0,3.0791165828704834
184,184.0,2.991368055343628
185,185.0,2.7615883350372314
186,186.0,3.037952184677124
187,187.0,2.9931800365448
188,188.0,3.0446269512176514
189,189.0,2.8948724269866943
190,190.0,3.400439500808716
191,191.0,3.0101230144500732
192,192.0,3.2465248107910156
193,193.0,3.0245702266693115
194,194.0,3.041604518890381
195,195.0,3.2501752376556396
196,196.0,3.1432526111602783
197,197.0,3.228553056716919
198,198.0,3.023036003112793
199,199.0,2.9653594493865967
200,200.0,2.8897616863250732
201,201.0,2.893634796142578
202,202.0,3.0309948921203613
203,203.0,3.082472324371338
204,204.0,3.0008997917175293
205,205.0,3.071762800216675
206,206.0,2.851393222808838
207,207.0,3.09330677986145
208,208.0,2.9321460723876953
209,209.0,3.068803548812866
210,210.0,2.783220052719116
211,211.0,3.0823891162872314
212,212.0,3.0752716064453125
213,213.0,3.1440107822418213
214,214.0,2.918585777282715
215,215.0,3.024099826812744
216,216.0,2.8752753734588623
217,217.0,2.9436511993408203
218,218.0,2.853870391845703
219,219.0,3.0742666721343994
220,220.0,2.9737184047698975
221,221.0,2.882722854614258
222,222.0,2.9274613857269287
223,223.0,2.9126768112182617
224,224.0,2.831979513168335
225,225.0,2.988407850265503
226,226.0,2.9973416328430176
227,227.0,2.8904643058776855
228,228.0,2.9138946533203125
229,229.0,3.114154815673828
230,230.0,2.953308582305908
231,231.0,2.702531576156616
232,232.0,2.9715263843536377
233,233.0,2.9819157123565674
234,234.0,2.9072883129119873
235,235.0,3.039602756500244
236,236.0,2.8572018146514893
237,237.0,2.927300214767456
238,238.0,2.907487630844116
239,239.0,2.854400396347046
240,240.0,2.997582197189331
241,241.0,2.9231297969818115
242,242.0,3.0161521434783936
243,243.0,3.004121780395508
244,244.0,3.271411895751953
245,245.0,3.0526950359344482
246,246.0,2.9362637996673584
247,247.0,2.9619951248168945
248,248.0,2.885838031768799
249,249.0,2.9852583408355713
250,250.0,3.0332491397857666
251,251.0,2.846015214920044
252,252.0,3.1522624492645264
253,253.0,2.9880433082580566
254,254.0,2.7040953636169434
255,255.0,3.045337438583374
256,256.0,2.9450366497039795
257,257.0,2.870710849761963
258,258.0,2.874164342880249
259,259.0,2.900681257247925
260,260.0,2.7110595703125
261,261.0,3.004366397857666
262,262.0,2.8215692043304443
263,263.0,2.9179036617279053
264,264.0,2.8700969219207764
265,265.0,2.8392605781555176
266,266.0,3.058764696121216
267,267.0,2.78576922416687
268,268.0,2.724461793899536
269,269.0,2.720576047897339
270,270.0,2.898127317428589
271,271.0,2.817765235900879
272,272.0,2.8955743312835693
273,273.0,2.8306005001068115
274,274.0,2.88342022895813
275,275.0,2.9976162910461426
276,276.0,3.0801377296447754
277,277.0,2.9740359783172607
278,278.0,2.8988285064697266
279,279.0,2.841388702392578
280,280.0,2.8808400630950928
281,281.0,3.026207685470581
282,282.0,3.0390400886535645
283,283.0,2.7980711460113525
284,284.0,2.7340073585510254
285,285.0,2.967545986175537
286,286.0,2.9163875579833984
287,287.0,2.839435338973999
288,288.0,2.986368417739868
289,289.0,3.0563786029815674
290,290.0,2.8435580730438232
291,291.0,2.6933555603027344
292,292.0,2.892690420150757
293,293.0,2.815523147583008
294,294.0,2.9313595294952393
295,295.0,2.7860329151153564
296,296.0,3.0383460521698
297,297.0,2.8948190212249756
298,298.0,2.75757098197937
299,299.0,2.9266860485076904
300,300.0,3.0334529876708984
301,301.0,2.795086622238159
302,302.0,2.9621357917785645
303,303.0,2.78108811378479
304,304.0,2.8559622764587402
305,305.0,2.846605062484741
306,306.0,3.1441991329193115
307,307.0,3.1040031909942627
308,308.0,2.8497016429901123
309,309.0,2.921088933944702
310,310.0,2.726153612136841
311,311.0,2.801710605621338
312,312.0,3.0973899364471436
313,313.0,2.9346868991851807
314,314.0,2.9534060955047607
315,315.0,2.9723730087280273
316,316.0,3.0252177715301514
317,317.0,3.049243927001953
318,318.0,2.9617042541503906
319,319.0,2.9999806880950928
320,320.0,2.994074583053589
321,321.0,2.8332619667053223
322,322.0,2.726486921310425
323,323.0,2.7097504138946533
324,324.0,2.8817169666290283
325,325.0,2.7730298042297363
326,326.0,2.947788715362549
327,327.0,2.846458911895752
328,328.0,2.872032880783081
329,329.0,2.8751769065856934
330,330.0,2.7508928775787354
331,331.0,2.928091526031494
332,332.0,2.981828451156616
333,333.0,2.9163453578948975
334,334.0,2.9364211559295654
335,335.0,2.9383251667022705
336,336.0,2.9779458045959473
337,337.0,3.0762317180633545
338,338.0,2.720839262008667
339,339.0,2.7740232944488525
340,340.0,2.9983298778533936
341,341.0,2.932101011276245
342,342.0,2.7885172367095947
343,343.0,2.706165313720703
344,344.0,2.814720630645752
345,345.0,2.7824130058288574
346,346.0,2.8882710933685303
347,347.0,2.864649772644043
348,348.0,2.761770248413086
349,349.0,2.8215901851654053
350,350.0,2.833296298980713
351,351.0,2.766225814819336
352,352.0,2.8290436267852783
353,353.0,2.727113962173462
354,354.0,2.843611478805542
355,355.0,2.8308510780334473
356,356.0,2.778397798538208
357,357.0,2.9440314769744873
358,358.0,2.9073424339294434
359,359.0,2.871723175048828
360,360.0,2.881281614303589
361,361.0,3.01249361038208
362,362.0,2.8433077335357666
363,363.0,2.603172540664673
364,364.0,2.835275173187256
365,365.0,2.9362552165985107
366,366.0,2.859494209289551
367,367.0,2.9964253902435303
368,368.0,2.8718221187591553
369,369.0,2.8665530681610107
370,370.0,2.791860580444336
371,371.0,2.723834276199341
372,372.0,2.647491216659546
373,373.0,3.1416594982147217
374,374.0,2.948193311691284
375,375.0,3.010190010070801
376,376.0,2.807995319366455
377,377.0,2.799060583114624
378,378.0,2.751821994781494
379,379.0,2.629631757736206
380,380.0,2.804675817489624
381,381.0,2.76996111869812
382,382.0,2.7988593578338623
383,383.0,2.84368634223938
384,384.0,2.810840606689453
385,385.0,2.741028308868408
386,386.0,2.7242982387542725
387,387.0,3.0996170043945312
388,388.0,2.7475056648254395
389,389.0,2.867250919342041
390,390.0,2.6941771507263184
391,391.0,2.8231146335601807
392,392.0,2.7170541286468506
393,393.0,2.8583168983459473
394,394.0,2.8620996475219727
395,395.0,2.8337666988372803
396,396.0,2.8352344036102295
397,397.0,2.850538730621338
398,398.0,2.696183443069458
399,399.0,2.7787601947784424
400,400.0,3.0053329467773438
401,401.0,2.800420045852661
402,402.0,3.033231735229492
403,403.0,2.7740840911865234
404,404.0,2.69291090965271
405,405.0,2.7286880016326904
406,406.0,2.6985185146331787
407,407.0,2.7512407302856445
408,408.0,2.5613856315612793
409,409.0,2.560959577560425
410,410.0,2.8044846057891846
411,411.0,2.7820374965667725
412,412.0,2.576174259185791
413,413.0,2.682884931564331
414,414.0,2.801908493041992
415,415.0,2.9880611896514893
416,416.0,2.7153260707855225
417,417.0,2.91037917137146
418,418.0,2.694411516189575
419,419.0,2.547367572784424
420,420.0,2.748035430908203
421,421.0,2.8449013233184814
422,422.0,2.7869150638580322
423,423.0,3.0586249828338623
424,424.0,2.8152213096618652
425,425.0,2.780168294906616
426,426.0,2.8641977310180664
427,427.0,2.7700650691986084
428,428.0,2.5783486366271973
429,429.0,2.6679494380950928
430,430.0,2.8773293495178223
431,431.0,2.7974205017089844
432,432.0,2.747650623321533
433,433.0,2.6538028717041016
434,434.0,2.7097415924072266
435,435.0,2.9303789138793945
