,Epoch,Train_Loss
0,0.0,5.921264171600342
1,1.0,4.557897567749023
2,2.0,4.413939952850342
3,3.0,4.41949462890625
4,4.0,4.368316650390625
5,5.0,4.288292407989502
6,6.0,4.031955242156982
7,7.0,4.023557186126709
8,8.0,4.1277995109558105
9,9.0,4.047357082366943
10,10.0,4.333042144775391
11,11.0,3.8775806427001953
12,12.0,3.977648973464966
13,13.0,3.9993836879730225
14,14.0,3.911036729812622
15,15.0,4.056605339050293
16,16.0,3.9225776195526123
17,17.0,4.07473611831665
18,18.0,3.854797124862671
19,19.0,3.85685658454895
20,20.0,3.8083176612854004
21,21.0,4.015934944152832
22,22.0,3.9822463989257812
23,23.0,3.942347764968872
24,24.0,3.964111328125
25,25.0,4.002455234527588
26,26.0,3.859694719314575
27,27.0,3.7388787269592285
28,28.0,3.7661056518554688
29,29.0,3.6755242347717285
30,30.0,3.5600831508636475
31,31.0,3.7892518043518066
32,32.0,3.582700729370117
33,33.0,3.6774463653564453
34,34.0,3.662168264389038
35,35.0,3.5692825317382812
36,36.0,3.4235293865203857
37,37.0,3.6585190296173096
38,38.0,3.6665732860565186
39,39.0,3.522057294845581
40,40.0,3.5047340393066406
41,41.0,3.2251312732696533
42,42.0,3.6475319862365723
43,43.0,3.6130051612854004
44,44.0,3.4355416297912598
45,45.0,3.5626964569091797
46,46.0,3.553246259689331
47,47.0,3.31817626953125
48,48.0,3.4826321601867676
49,49.0,3.4705650806427
50,50.0,3.443857192993164
51,51.0,3.4773659706115723
52,52.0,3.592210054397583
53,53.0,3.4028046131134033
54,54.0,3.6310360431671143
55,55.0,3.6433303356170654
56,56.0,3.432983160018921
57,57.0,3.369335174560547
58,58.0,3.318619966506958
59,59.0,3.4999191761016846
60,60.0,3.3637802600860596
61,61.0,3.2448105812072754
62,62.0,3.3983190059661865
63,63.0,3.3552582263946533
64,64.0,3.369135618209839
65,65.0,3.4148643016815186
66,66.0,3.260651111602783
67,67.0,3.474323272705078
68,68.0,3.396183729171753
69,69.0,3.249058961868286
70,70.0,3.362795352935791
71,71.0,3.4178521633148193
72,72.0,3.3159196376800537
73,73.0,3.3205056190490723
74,74.0,3.1922051906585693
75,75.0,3.141927719116211
76,76.0,3.2007954120635986
77,77.0,3.1483514308929443
78,78.0,3.330629348754883
79,79.0,3.376800537109375
80,80.0,3.2166802883148193
81,81.0,3.308194398880005
82,82.0,3.2034454345703125
83,83.0,3.349435567855835
84,84.0,3.271636962890625
85,85.0,3.32657790184021
86,86.0,3.1832754611968994
87,87.0,3.2283897399902344
88,88.0,3.144651174545288
89,89.0,3.2729737758636475
90,90.0,3.1546506881713867
91,91.0,3.2451298236846924
92,92.0,3.174839735031128
93,93.0,3.0841197967529297
94,94.0,3.3352608680725098
95,95.0,3.265928268432617
96,96.0,3.330022096633911
97,97.0,3.2453696727752686
98,98.0,3.0440125465393066
99,99.0,3.076606273651123
100,100.0,3.130337953567505
101,101.0,3.253227949142456
102,102.0,3.132314920425415
103,103.0,3.2449581623077393
104,104.0,3.1942901611328125
105,105.0,3.2002570629119873
106,106.0,3.2697060108184814
107,107.0,3.0253636837005615
108,108.0,3.1510233879089355
109,109.0,3.0555503368377686
110,110.0,3.012824296951294
111,111.0,3.1351211071014404
112,112.0,3.063567876815796
113,113.0,3.0293874740600586
114,114.0,2.9927291870117188
115,115.0,3.0138397216796875
116,116.0,3.061429738998413
117,117.0,2.8781087398529053
118,118.0,3.3511064052581787
119,119.0,3.0966992378234863
120,120.0,3.068305730819702
121,121.0,3.195871591567993
122,122.0,3.055758237838745
123,123.0,3.1203389167785645
124,124.0,3.1341381072998047
125,125.0,3.160980701446533
126,126.0,3.019176483154297
127,127.0,2.972424030303955
128,128.0,3.0146396160125732
129,129.0,3.0415890216827393
130,130.0,3.2375190258026123
131,131.0,3.1351821422576904
132,132.0,2.8486979007720947
133,133.0,3.1333281993865967
134,134.0,2.9817874431610107
135,135.0,3.136017322540283
136,136.0,3.101825714111328
137,137.0,3.1589486598968506
138,138.0,2.820840358734131
139,139.0,3.0559043884277344
140,140.0,2.9532909393310547
141,141.0,3.064592123031616
142,142.0,3.044347047805786
143,143.0,2.9572360515594482
144,144.0,3.034116506576538
145,145.0,2.9544694423675537
146,146.0,3.04663348197937
147,147.0,3.0304534435272217
148,148.0,3.087158679962158
149,149.0,2.8421266078948975
150,150.0,3.140848159790039
151,151.0,3.0409457683563232
152,152.0,3.013699769973755
153,153.0,2.8098344802856445
154,154.0,2.8872992992401123
155,155.0,2.7836406230926514
156,156.0,2.7549777030944824
157,157.0,2.814875602722168
158,158.0,2.996886968612671
159,159.0,2.8851077556610107
160,160.0,2.8469398021698
161,161.0,2.8695828914642334
162,162.0,3.017476797103882
163,163.0,2.955181360244751
164,164.0,2.8608672618865967
165,165.0,2.9474213123321533
166,166.0,2.840764284133911
167,167.0,2.8903603553771973
168,168.0,3.0491840839385986
169,169.0,2.9619100093841553
170,170.0,2.8265464305877686
171,171.0,2.9207589626312256
172,172.0,2.9524190425872803
173,173.0,2.8154945373535156
174,174.0,2.955732822418213
175,175.0,2.9496657848358154
176,176.0,2.900585889816284
177,177.0,2.805933713912964
178,178.0,2.9595448970794678
179,179.0,2.812596082687378
180,180.0,2.885223388671875
181,181.0,2.8542373180389404
182,182.0,2.853886127471924
183,183.0,2.913177490234375
184,184.0,2.9206464290618896
185,185.0,2.794370412826538
186,186.0,3.1261582374572754
187,187.0,2.9802870750427246
188,188.0,2.919931650161743
189,189.0,2.934025526046753
190,190.0,2.806689977645874
191,191.0,2.7231109142303467
192,192.0,2.9264938831329346
193,193.0,2.8232555389404297
194,194.0,2.722430467605591
195,195.0,2.8837649822235107
196,196.0,2.852191209793091
197,197.0,2.762707233428955
198,198.0,2.951805830001831
199,199.0,2.894432783126831
200,200.0,2.7865989208221436
201,201.0,2.969346761703491
202,202.0,2.9943630695343018
203,203.0,2.860123872756958
204,204.0,2.809572219848633
205,205.0,2.7917423248291016
206,206.0,2.9484689235687256
207,207.0,2.9474918842315674
208,208.0,2.8402061462402344
209,209.0,2.8443334102630615
210,210.0,2.709904432296753
211,211.0,2.749386787414551
212,212.0,2.762760877609253
213,213.0,2.6730828285217285
214,214.0,2.7339704036712646
215,215.0,2.7551987171173096
216,216.0,2.6342458724975586
217,217.0,2.7316105365753174
218,218.0,2.821071147918701
219,219.0,2.676617383956909
220,220.0,2.8207778930664062
221,221.0,2.8644039630889893
222,222.0,2.7864272594451904
223,223.0,2.830238103866577
224,224.0,2.727625608444214
225,225.0,2.7526471614837646
226,226.0,2.677361249923706
227,227.0,2.877007246017456
228,228.0,2.933454751968384
229,229.0,2.688828706741333
230,230.0,2.7455716133117676
231,231.0,2.8531551361083984
232,232.0,2.673870086669922
233,233.0,2.77286958694458
234,234.0,2.8454248905181885
235,235.0,2.767871618270874
236,236.0,2.830981492996216
237,237.0,2.7551426887512207
238,238.0,2.867607831954956
239,239.0,2.7697064876556396
240,240.0,2.7570016384124756
241,241.0,2.885481119155884
242,242.0,2.7232370376586914
243,243.0,2.7347419261932373
244,244.0,2.4872710704803467
245,245.0,2.7455451488494873
246,246.0,2.8357737064361572
247,247.0,2.869765043258667
248,248.0,2.836995840072632
249,249.0,2.794872522354126
250,250.0,2.679274082183838
251,251.0,2.6542413234710693
252,252.0,2.5868263244628906
253,253.0,2.8203017711639404
254,254.0,2.7455499172210693
255,255.0,2.7281250953674316
256,256.0,2.628244638442993
257,257.0,2.8082382678985596
258,258.0,2.791126251220703
259,259.0,2.8612899780273438
260,260.0,2.8479220867156982
261,261.0,2.7221486568450928
262,262.0,2.822136163711548
263,263.0,2.6815383434295654
264,264.0,2.8929476737976074
265,265.0,2.9462807178497314
266,266.0,2.6595845222473145
267,267.0,2.7208139896392822
268,268.0,2.634556293487549
269,269.0,2.6899149417877197
270,270.0,2.6520042419433594
271,271.0,2.984872817993164
272,272.0,2.653196096420288
273,273.0,2.895265579223633
274,274.0,2.6784489154815674
275,275.0,2.7032840251922607
276,276.0,2.735532760620117
277,277.0,2.810419797897339
278,278.0,2.7115478515625
279,279.0,2.52951717376709
280,280.0,2.5709478855133057
281,281.0,2.699155569076538
282,282.0,2.8493618965148926
283,283.0,2.572965383529663
284,284.0,2.877655029296875
285,285.0,2.9119765758514404
286,286.0,2.733966588973999
287,287.0,2.6596696376800537
288,288.0,2.714141845703125
289,289.0,2.7055718898773193
290,290.0,2.7433810234069824
291,291.0,2.758528470993042
292,292.0,2.691500663757324
293,293.0,3.0363616943359375
294,294.0,2.841655969619751
295,295.0,2.657226324081421
296,296.0,2.9737203121185303
297,297.0,2.848285675048828
298,298.0,2.665546178817749
299,299.0,2.7942028045654297
300,300.0,2.7178618907928467
301,301.0,2.6891098022460938
302,302.0,2.8950300216674805
303,303.0,2.932866096496582
304,304.0,2.6986453533172607
305,305.0,2.613922119140625
306,306.0,2.7563564777374268
307,307.0,2.607276678085327
308,308.0,2.8361034393310547
309,309.0,2.5870261192321777
310,310.0,2.7554643154144287
311,311.0,2.5858590602874756
312,312.0,2.760662794113159
313,313.0,2.800394058227539
314,314.0,2.8578174114227295
315,315.0,2.728771209716797
316,316.0,2.7250587940216064
317,317.0,2.7166640758514404
318,318.0,2.65246844291687
319,319.0,2.692718982696533
320,320.0,2.6159024238586426
321,321.0,2.76564884185791
322,322.0,2.6775519847869873
323,323.0,2.6603424549102783
324,324.0,2.8077359199523926
325,325.0,2.74367356300354
326,326.0,2.7179200649261475
327,327.0,2.588042974472046
328,328.0,2.629300832748413
329,329.0,2.6736433506011963
330,330.0,2.720625877380371
331,331.0,2.8048017024993896
332,332.0,2.5305073261260986
333,333.0,2.4989728927612305
334,334.0,2.769491672515869
335,335.0,2.7753708362579346
336,336.0,2.681002378463745
337,337.0,2.649911642074585
338,338.0,2.6460540294647217
339,339.0,2.6992640495300293
340,340.0,2.6111161708831787
341,341.0,2.6821296215057373
342,342.0,2.6255557537078857
343,343.0,2.64045786857605
344,344.0,2.721292018890381
345,345.0,2.601133346557617
346,346.0,2.7093701362609863
347,347.0,2.6556591987609863
348,348.0,2.658353567123413
349,349.0,2.5881898403167725
350,350.0,2.8222615718841553
351,351.0,2.7268941402435303
352,352.0,2.489932060241699
353,353.0,2.57344388961792
354,354.0,2.6310672760009766
355,355.0,2.4978535175323486
356,356.0,2.7454004287719727
357,357.0,2.5748958587646484
358,358.0,2.677816152572632
359,359.0,2.664306879043579
360,360.0,2.5756404399871826
361,361.0,2.6401689052581787
362,362.0,2.6796391010284424
363,363.0,2.7055728435516357
364,364.0,2.624610185623169
365,365.0,2.6591033935546875
366,366.0,2.8843164443969727
367,367.0,2.686929702758789
368,368.0,2.746694326400757
369,369.0,2.6318395137786865
370,370.0,2.7264764308929443
371,371.0,2.611372709274292
372,372.0,2.566828489303589
373,373.0,2.6271750926971436
374,374.0,2.5801377296447754
375,375.0,2.7465322017669678
376,376.0,2.7049081325531006
377,377.0,2.440251111984253
378,378.0,2.8291819095611572
379,379.0,2.5830836296081543
380,380.0,2.7091987133026123
381,381.0,2.693770170211792
382,382.0,2.759315013885498
383,383.0,2.599698781967163
384,384.0,2.784083604812622
385,385.0,2.7026913166046143
386,386.0,2.8237102031707764
387,387.0,2.7382400035858154
388,388.0,2.6804733276367188
389,389.0,2.614821672439575
390,390.0,2.676816940307617
391,391.0,2.69209361076355
392,392.0,2.746615171432495
393,393.0,2.8143885135650635
394,394.0,2.6871488094329834
395,395.0,2.5907227993011475
396,396.0,2.712449550628662
397,397.0,2.5613725185394287
398,398.0,2.645663022994995
399,399.0,2.4829883575439453
400,400.0,2.6865601539611816
401,401.0,2.6477978229522705
402,402.0,2.665158271789551
403,403.0,2.66986083984375
404,404.0,2.524465322494507
405,405.0,2.7179973125457764
406,406.0,2.6173553466796875
407,407.0,2.6585755348205566
408,408.0,2.717426061630249
409,409.0,2.6397383213043213
410,410.0,2.644345998764038
411,411.0,2.510274887084961
412,412.0,2.5933988094329834
413,413.0,2.570157766342163
414,414.0,2.7319416999816895
415,415.0,2.58271861076355
416,416.0,2.6622204780578613
417,417.0,2.631542921066284
418,418.0,2.52075457572937
419,419.0,2.5903890132904053
420,420.0,2.869765043258667
421,421.0,2.665231466293335
422,422.0,2.7089145183563232
423,423.0,2.7557003498077393
424,424.0,2.576986789703369
425,425.0,2.7464654445648193
