,Epoch,Train_Loss
0,0.0,4.434776306152344
1,1.0,3.700579881668091
2,2.0,3.618121862411499
3,3.0,3.678921699523926
4,4.0,3.5070078372955322
5,5.0,3.5409796237945557
6,6.0,3.4896302223205566
7,7.0,3.387211561203003
8,8.0,3.380566358566284
9,9.0,3.293151378631592
10,10.0,3.1913812160491943
11,11.0,3.191659450531006
12,12.0,3.1169307231903076
13,13.0,3.1292810440063477
14,14.0,2.997281789779663
15,15.0,3.0594089031219482
16,16.0,2.9492380619049072
17,17.0,2.8925998210906982
18,18.0,2.931123733520508
19,19.0,2.999964952468872
20,20.0,2.891014814376831
21,21.0,2.902672529220581
22,22.0,2.881563663482666
23,23.0,2.8330020904541016
24,24.0,2.8106307983398438
25,25.0,2.798882246017456
26,26.0,2.823558807373047
27,27.0,2.760927200317383
28,28.0,2.7848093509674072
29,29.0,2.838639259338379
30,30.0,2.824754238128662
31,31.0,2.8544740676879883
32,32.0,2.802525043487549
33,33.0,2.7147059440612793
34,34.0,2.8047714233398438
35,35.0,2.7437474727630615
36,36.0,2.8324878215789795
37,37.0,2.7402853965759277
38,38.0,2.7927768230438232
39,39.0,2.7859582901000977
40,40.0,2.662919044494629
41,41.0,2.690732717514038
42,42.0,2.8252627849578857
43,43.0,2.7240540981292725
44,44.0,2.771390914916992
45,45.0,2.6699740886688232
46,46.0,2.656550645828247
47,47.0,2.6817855834960938
48,48.0,2.613445997238159
49,49.0,2.733959436416626
50,50.0,2.6687448024749756
51,51.0,2.707784414291382
52,52.0,2.632350206375122
53,53.0,2.5965075492858887
54,54.0,2.6153974533081055
55,55.0,2.694990396499634
56,56.0,2.604724407196045
57,57.0,2.700026512145996
58,58.0,2.718454360961914
59,59.0,2.593576192855835
60,60.0,2.577270746231079
61,61.0,2.5827269554138184
62,62.0,2.5199575424194336
63,63.0,2.6173903942108154
64,64.0,2.5234720706939697
65,65.0,2.5787296295166016
66,66.0,2.5484509468078613
67,67.0,2.490095853805542
68,68.0,2.5896308422088623
69,69.0,2.5737249851226807
70,70.0,2.504183053970337
71,71.0,2.4822299480438232
72,72.0,2.468451976776123
73,73.0,2.5153448581695557
74,74.0,2.434368133544922
75,75.0,2.5491223335266113
76,76.0,2.4944238662719727
77,77.0,2.4762966632843018
78,78.0,2.515237808227539
79,79.0,2.457650899887085
80,80.0,2.40818190574646
81,81.0,2.452950954437256
82,82.0,2.4471659660339355
83,83.0,2.5761260986328125
84,84.0,2.443244457244873
85,85.0,2.4894139766693115
86,86.0,2.381439685821533
87,87.0,2.477586269378662
88,88.0,2.5560221672058105
89,89.0,2.39044189453125
90,90.0,2.412874698638916
91,91.0,2.427124500274658
92,92.0,2.446211814880371
93,93.0,2.4139983654022217
94,94.0,2.3569624423980713
95,95.0,2.363589286804199
96,96.0,2.3306941986083984
97,97.0,2.4623382091522217
98,98.0,2.2760396003723145
99,99.0,2.343312978744507
100,100.0,2.3304202556610107
101,101.0,2.3326642513275146
102,102.0,2.384089946746826
103,103.0,2.3222689628601074
104,104.0,2.329380989074707
105,105.0,2.3112168312072754
106,106.0,2.302457094192505
107,107.0,2.395195484161377
108,108.0,2.4180047512054443
109,109.0,2.3254337310791016
110,110.0,2.3766486644744873
111,111.0,2.329108715057373
112,112.0,2.325406074523926
113,113.0,2.337235450744629
114,114.0,2.189166784286499
115,115.0,2.371358633041382
116,116.0,2.3060474395751953
117,117.0,2.2389352321624756
118,118.0,2.2345218658447266
119,119.0,2.253235340118408
120,120.0,2.2315142154693604
121,121.0,2.2597575187683105
122,122.0,2.2473878860473633
123,123.0,2.269439220428467
124,124.0,2.2116405963897705
125,125.0,2.2163991928100586
126,126.0,2.2492098808288574
127,127.0,2.2193732261657715
128,128.0,2.200765371322632
129,129.0,2.179903745651245
130,130.0,2.1842641830444336
131,131.0,2.252830743789673
132,132.0,2.202564239501953
133,133.0,2.227550983428955
134,134.0,2.2890853881835938
135,135.0,2.169696569442749
136,136.0,2.155439615249634
137,137.0,2.1031670570373535
138,138.0,2.1714518070220947
139,139.0,2.2221899032592773
140,140.0,2.2468316555023193
141,141.0,2.1727445125579834
142,142.0,2.160480260848999
143,143.0,2.1865127086639404
144,144.0,2.1702818870544434
145,145.0,2.259484052658081
146,146.0,2.1989777088165283
147,147.0,2.1680500507354736
148,148.0,2.143001079559326
149,149.0,2.1760363578796387
150,150.0,2.1515276432037354
151,151.0,2.154060125350952
152,152.0,2.0632541179656982
153,153.0,2.1453802585601807
154,154.0,2.1615517139434814
155,155.0,2.1220991611480713
156,156.0,2.091212034225464
157,157.0,2.092725992202759
158,158.0,2.14583158493042
159,159.0,2.211695432662964
160,160.0,2.1154778003692627
161,161.0,2.100088357925415
162,162.0,2.111633777618408
163,163.0,2.0901882648468018
164,164.0,2.072280168533325
165,165.0,2.0533556938171387
166,166.0,1.9972511529922485
167,167.0,2.045532464981079
168,168.0,2.187108278274536
169,169.0,2.1491880416870117
170,170.0,2.152151584625244
171,171.0,2.026761770248413
172,172.0,2.17730450630188
173,173.0,2.0575554370880127
174,174.0,2.0912094116210938
175,175.0,2.0741007328033447
176,176.0,2.019368886947632
177,177.0,2.05745530128479
178,178.0,2.106642961502075
179,179.0,2.020277738571167
180,180.0,2.054900884628296
181,181.0,2.110802412033081
182,182.0,2.0299324989318848
183,183.0,2.1150448322296143
184,184.0,2.0984902381896973
185,185.0,2.0574567317962646
186,186.0,2.03529691696167
187,187.0,2.1220996379852295
188,188.0,2.0807015895843506
189,189.0,2.10516095161438
190,190.0,2.0496084690093994
191,191.0,2.065798759460449
192,192.0,2.0016372203826904
193,193.0,2.0559117794036865
194,194.0,2.083238124847412
195,195.0,1.984272837638855
196,196.0,1.9885976314544678
197,197.0,2.080852508544922
198,198.0,2.124605894088745
199,199.0,2.1330060958862305
200,200.0,2.074314832687378
201,201.0,2.106600761413574
202,202.0,2.0005788803100586
203,203.0,2.0157198905944824
204,204.0,1.9980653524398804
205,205.0,2.0343427658081055
206,206.0,2.0264296531677246
207,207.0,2.0391972064971924
208,208.0,1.9905586242675781
209,209.0,1.9879206418991089
210,210.0,2.130502700805664
211,211.0,2.076331853866577
212,212.0,2.090256929397583
213,213.0,2.0426149368286133
214,214.0,1.9843883514404297
215,215.0,1.972261667251587
216,216.0,1.9636083841323853
217,217.0,2.059406042098999
218,218.0,2.0416290760040283
219,219.0,1.9829427003860474
220,220.0,2.0166234970092773
221,221.0,1.878014087677002
222,222.0,1.9403434991836548
223,223.0,2.014282464981079
224,224.0,1.9881694316864014
225,225.0,2.0117506980895996
226,226.0,2.054084300994873
227,227.0,1.975080966949463
228,228.0,2.000554323196411
229,229.0,2.040121555328369
230,230.0,1.9033325910568237
231,231.0,2.01080322265625
232,232.0,2.0730340480804443
233,233.0,1.9666112661361694
234,234.0,1.9643398523330688
235,235.0,1.9716460704803467
236,236.0,1.9233471155166626
237,237.0,2.0515475273132324
238,238.0,1.9771431684494019
239,239.0,1.9874606132507324
240,240.0,2.010676860809326
241,241.0,1.926702618598938
242,242.0,1.98106849193573
243,243.0,1.9810714721679688
244,244.0,1.9769498109817505
245,245.0,1.9748125076293945
246,246.0,1.9858675003051758
247,247.0,1.880913257598877
248,248.0,1.8984471559524536
249,249.0,1.9722869396209717
250,250.0,1.9751278162002563
251,251.0,1.944892406463623
252,252.0,1.9524660110473633
253,253.0,2.0356500148773193
254,254.0,1.9925686120986938
255,255.0,1.9556233882904053
256,256.0,1.9511358737945557
257,257.0,1.942654013633728
258,258.0,2.0146992206573486
259,259.0,1.9613072872161865
260,260.0,2.0107901096343994
261,261.0,1.9155431985855103
262,262.0,1.982818841934204
263,263.0,2.0006103515625
264,264.0,2.0938572883605957
265,265.0,1.970043420791626
266,266.0,1.9278956651687622
267,267.0,1.941391944885254
268,268.0,1.9145386219024658
269,269.0,2.005302906036377
270,270.0,1.9174338579177856
271,271.0,1.9988138675689697
272,272.0,1.8928433656692505
273,273.0,1.8642003536224365
274,274.0,1.9615895748138428
275,275.0,1.9518475532531738
276,276.0,1.9553253650665283
277,277.0,2.003495454788208
278,278.0,1.9207242727279663
279,279.0,1.9077132940292358
280,280.0,1.9804394245147705
281,281.0,1.916721224784851
282,282.0,1.8120789527893066
283,283.0,1.958882451057434
284,284.0,1.89457106590271
285,285.0,1.8480514287948608
286,286.0,1.910935401916504
287,287.0,1.9032799005508423
288,288.0,1.9223111867904663
289,289.0,1.9007630348205566
290,290.0,1.8845943212509155
291,291.0,1.9492268562316895
292,292.0,1.9387141466140747
293,293.0,1.9390361309051514
294,294.0,1.873094916343689
295,295.0,1.9667717218399048
296,296.0,1.96243155002594
297,297.0,1.8517004251480103
298,298.0,1.9827338457107544
299,299.0,1.9259202480316162
300,300.0,1.85564124584198
301,301.0,1.9767018556594849
302,302.0,1.9224398136138916
303,303.0,2.0054149627685547
304,304.0,1.9051587581634521
305,305.0,1.8646796941757202
306,306.0,1.890009880065918
307,307.0,1.8858306407928467
308,308.0,1.8599635362625122
309,309.0,1.8664981126785278
310,310.0,1.960753083229065
311,311.0,1.9131613969802856
312,312.0,1.9636284112930298
313,313.0,1.919447422027588
314,314.0,1.9295814037322998
315,315.0,1.810752034187317
316,316.0,1.8562229871749878
317,317.0,1.93794584274292
318,318.0,1.9129986763000488
319,319.0,1.880925178527832
320,320.0,1.9006720781326294
321,321.0,1.9473096132278442
322,322.0,1.8958323001861572
323,323.0,1.9455211162567139
324,324.0,1.8956784009933472
325,325.0,1.9341957569122314
326,326.0,1.8666393756866455
327,327.0,1.9036316871643066
328,328.0,1.849840760231018
329,329.0,1.896795392036438
330,330.0,1.9421448707580566
331,331.0,1.8516292572021484
332,332.0,1.9720866680145264
333,333.0,1.876111388206482
334,334.0,1.9393163919448853
335,335.0,1.9521428346633911
336,336.0,1.9035218954086304
337,337.0,1.9376354217529297
338,338.0,1.9222667217254639
339,339.0,1.860906720161438
340,340.0,1.807543396949768
341,341.0,1.9047297239303589
342,342.0,1.830736756324768
343,343.0,1.8851982355117798
344,344.0,1.8149772882461548
345,345.0,1.9548147916793823
346,346.0,1.8614915609359741
347,347.0,1.8895671367645264
348,348.0,1.7832821607589722
349,349.0,1.9114091396331787
350,350.0,1.8712048530578613
351,351.0,1.9244633913040161
352,352.0,1.9061717987060547
353,353.0,1.9208831787109375
354,354.0,1.9317891597747803
355,355.0,1.9031708240509033
356,356.0,1.7986350059509277
357,357.0,1.928492546081543
358,358.0,1.8428534269332886
359,359.0,1.9118125438690186
360,360.0,1.8990200757980347
