,Epoch,Train_Loss
0,0.0,4.8050336837768555
1,1.0,4.347811698913574
2,2.0,4.214591026306152
3,3.0,4.131530284881592
4,4.0,3.855245590209961
5,5.0,3.8608815670013428
6,6.0,3.8341002464294434
7,7.0,3.6435835361480713
8,8.0,3.435235023498535
9,9.0,3.4623234272003174
10,10.0,3.3635458946228027
11,11.0,3.3551244735717773
12,12.0,3.258366823196411
13,13.0,3.2113473415374756
14,14.0,3.1988260746002197
15,15.0,3.195237636566162
16,16.0,3.1393415927886963
17,17.0,3.0180251598358154
18,18.0,3.0303938388824463
19,19.0,3.057596206665039
20,20.0,3.0344178676605225
21,21.0,2.9981703758239746
22,22.0,2.9462597370147705
23,23.0,2.9957616329193115
24,24.0,2.907818078994751
25,25.0,3.0293831825256348
26,26.0,2.9624667167663574
27,27.0,2.826136350631714
28,28.0,2.914966106414795
29,29.0,2.967200994491577
30,30.0,2.958949327468872
31,31.0,2.849393129348755
32,32.0,2.913522481918335
33,33.0,2.830608606338501
34,34.0,2.769005298614502
35,35.0,2.855989694595337
36,36.0,2.8038547039031982
37,37.0,2.665735960006714
38,38.0,2.83031964302063
39,39.0,2.7933907508850098
40,40.0,2.7137205600738525
41,41.0,2.7781717777252197
42,42.0,2.7356741428375244
43,43.0,2.676098108291626
44,44.0,2.7904224395751953
45,45.0,2.7659506797790527
46,46.0,2.741894006729126
47,47.0,2.7119600772857666
48,48.0,2.65258526802063
49,49.0,2.7124686241149902
50,50.0,2.5713460445404053
51,51.0,2.6847150325775146
52,52.0,2.585637331008911
53,53.0,2.6261274814605713
54,54.0,2.7012135982513428
55,55.0,2.5862600803375244
56,56.0,2.5403168201446533
57,57.0,2.570394277572632
58,58.0,2.512361764907837
59,59.0,2.5780394077301025
60,60.0,2.566041946411133
61,61.0,2.579735517501831
62,62.0,2.5975492000579834
63,63.0,2.5476222038269043
64,64.0,2.5565948486328125
65,65.0,2.530913829803467
66,66.0,2.5164642333984375
67,67.0,2.593024730682373
68,68.0,2.4724903106689453
69,69.0,2.495119094848633
70,70.0,2.5316503047943115
71,71.0,2.520246744155884
72,72.0,2.459743022918701
73,73.0,2.4370875358581543
74,74.0,2.473076820373535
75,75.0,2.5021822452545166
76,76.0,2.445206642150879
77,77.0,2.426023006439209
78,78.0,2.4320831298828125
79,79.0,2.4334716796875
80,80.0,2.379539728164673
81,81.0,2.4430980682373047
82,82.0,2.440798044204712
83,83.0,2.3192851543426514
84,84.0,2.3873486518859863
85,85.0,2.374643325805664
86,86.0,2.6124866008758545
87,87.0,2.388726234436035
88,88.0,2.4498839378356934
89,89.0,2.373716354370117
90,90.0,2.3867857456207275
91,91.0,2.3743813037872314
92,92.0,2.264495611190796
93,93.0,2.338838577270508
94,94.0,2.2740418910980225
95,95.0,2.3036181926727295
96,96.0,2.3041186332702637
97,97.0,2.308887243270874
98,98.0,2.2654366493225098
99,99.0,2.328896999359131
100,100.0,2.323991298675537
101,101.0,2.2426578998565674
102,102.0,2.372523307800293
103,103.0,2.2951502799987793
104,104.0,2.2950539588928223
105,105.0,2.282270669937134
106,106.0,2.1390857696533203
107,107.0,2.273094654083252
108,108.0,2.242920398712158
109,109.0,2.2275710105895996
110,110.0,2.1976113319396973
111,111.0,2.1646323204040527
112,112.0,2.352344036102295
113,113.0,2.1412856578826904
114,114.0,2.1657416820526123
115,115.0,2.25697660446167
116,116.0,2.262671947479248
117,117.0,2.1371443271636963
118,118.0,2.217349052429199
119,119.0,2.2499568462371826
120,120.0,2.1613900661468506
121,121.0,2.240319013595581
122,122.0,2.204411745071411
123,123.0,2.1892170906066895
124,124.0,2.1432483196258545
125,125.0,2.1548819541931152
126,126.0,2.298020601272583
127,127.0,2.2734601497650146
128,128.0,2.215023994445801
129,129.0,2.2124640941619873
130,130.0,2.248800754547119
131,131.0,2.1371264457702637
132,132.0,2.2233989238739014
133,133.0,2.1434686183929443
134,134.0,2.175250768661499
135,135.0,2.156606912612915
136,136.0,2.1683990955352783
137,137.0,2.0708863735198975
138,138.0,2.1303908824920654
139,139.0,2.109100580215454
140,140.0,2.1143431663513184
141,141.0,2.1346893310546875
142,142.0,2.279282569885254
143,143.0,2.124159812927246
144,144.0,2.1064422130584717
145,145.0,2.050462245941162
146,146.0,2.0985605716705322
147,147.0,2.112271547317505
148,148.0,2.0868961811065674
149,149.0,2.1086981296539307
150,150.0,2.17234206199646
151,151.0,2.1073548793792725
152,152.0,1.9124699831008911
153,153.0,2.09425687789917
154,154.0,2.213435173034668
155,155.0,2.177053213119507
156,156.0,2.041654348373413
157,157.0,2.0578057765960693
158,158.0,2.0836613178253174
159,159.0,2.086085796356201
160,160.0,2.0578153133392334
161,161.0,2.0515429973602295
162,162.0,2.0030267238616943
163,163.0,2.0964295864105225
164,164.0,2.021272897720337
165,165.0,2.0416817665100098
166,166.0,2.0357985496520996
167,167.0,2.096928358078003
168,168.0,2.071807861328125
169,169.0,2.05077862739563
170,170.0,2.081333637237549
171,171.0,1.9712648391723633
172,172.0,1.9568533897399902
173,173.0,2.0835165977478027
174,174.0,2.0476250648498535
175,175.0,2.0426766872406006
176,176.0,1.9786092042922974
177,177.0,1.970913290977478
178,178.0,2.027925968170166
179,179.0,2.060896635055542
180,180.0,1.9543184041976929
181,181.0,1.977776050567627
182,182.0,2.034388780593872
183,183.0,2.028148889541626
184,184.0,1.9970109462738037
185,185.0,1.9912257194519043
186,186.0,1.9570364952087402
187,187.0,1.9766911268234253
188,188.0,1.994306206703186
189,189.0,1.9700490236282349
190,190.0,1.9936987161636353
191,191.0,1.9472562074661255
192,192.0,2.018203020095825
193,193.0,1.9937620162963867
194,194.0,2.0528900623321533
195,195.0,1.938390851020813
196,196.0,2.0855979919433594
197,197.0,1.9413721561431885
198,198.0,1.9369114637374878
199,199.0,2.0509607791900635
200,200.0,1.9657858610153198
201,201.0,1.9752732515335083
202,202.0,1.9853770732879639
203,203.0,1.952272653579712
204,204.0,2.0475971698760986
205,205.0,1.9989137649536133
206,206.0,1.9290506839752197
207,207.0,2.004246234893799
208,208.0,1.9723553657531738
209,209.0,1.8517518043518066
210,210.0,1.9475975036621094
211,211.0,1.9530854225158691
212,212.0,1.987717866897583
213,213.0,1.8539105653762817
214,214.0,1.9747681617736816
215,215.0,1.8939180374145508
216,216.0,1.933348536491394
217,217.0,1.8537074327468872
218,218.0,1.9582337141036987
219,219.0,1.9345247745513916
220,220.0,1.9941717386245728
221,221.0,1.9806658029556274
222,222.0,1.8973253965377808
223,223.0,1.9564504623413086
224,224.0,1.8711003065109253
225,225.0,2.0611495971679688
226,226.0,1.8991587162017822
227,227.0,2.005805492401123
228,228.0,1.9616831541061401
229,229.0,1.9670366048812866
230,230.0,1.9668102264404297
231,231.0,1.9505066871643066
232,232.0,1.946565866470337
233,233.0,1.9036225080490112
234,234.0,1.8834919929504395
235,235.0,1.9630087614059448
236,236.0,1.8303773403167725
237,237.0,2.0072314739227295
238,238.0,1.9335379600524902
239,239.0,1.9072377681732178
240,240.0,1.9420084953308105
241,241.0,1.9354006052017212
242,242.0,1.824699878692627
243,243.0,1.876028060913086
244,244.0,2.0119102001190186
245,245.0,1.902905821800232
246,246.0,1.8479934930801392
247,247.0,1.8880783319473267
248,248.0,1.9349461793899536
249,249.0,1.855616569519043
250,250.0,1.8902610540390015
251,251.0,1.900317668914795
252,252.0,1.9717967510223389
253,253.0,1.9684398174285889
254,254.0,1.973915696144104
255,255.0,1.9435620307922363
256,256.0,1.9559106826782227
257,257.0,1.814943552017212
258,258.0,1.87693452835083
259,259.0,1.9283342361450195
260,260.0,1.8925740718841553
261,261.0,1.9326034784317017
262,262.0,1.925499677658081
263,263.0,1.910105586051941
264,264.0,1.9496195316314697
265,265.0,1.8521454334259033
266,266.0,1.9376952648162842
267,267.0,1.942084550857544
268,268.0,1.8748047351837158
269,269.0,1.8638062477111816
270,270.0,1.865354061126709
271,271.0,1.8651221990585327
272,272.0,1.8249949216842651
273,273.0,1.8772456645965576
274,274.0,1.827504277229309
275,275.0,1.8639521598815918
276,276.0,1.835093379020691
277,277.0,1.9299626350402832
278,278.0,1.852460503578186
279,279.0,1.9331697225570679
280,280.0,1.919130563735962
281,281.0,1.8301780223846436
282,282.0,1.8373119831085205
283,283.0,1.818961262702942
284,284.0,1.8550925254821777
285,285.0,1.8236192464828491
286,286.0,1.7157033681869507
287,287.0,1.8218070268630981
288,288.0,1.8920735120773315
289,289.0,1.8258402347564697
290,290.0,1.8340303897857666
291,291.0,1.803910493850708
292,292.0,1.8431165218353271
293,293.0,1.8884656429290771
294,294.0,1.8687726259231567
295,295.0,1.8916022777557373
296,296.0,1.903076171875
297,297.0,1.7568268775939941
298,298.0,1.8055639266967773
299,299.0,1.9064266681671143
300,300.0,1.8690259456634521
301,301.0,1.8518288135528564
302,302.0,1.837769627571106
303,303.0,1.8587900400161743
304,304.0,1.8631114959716797
305,305.0,1.786924958229065
306,306.0,1.8198497295379639
307,307.0,1.8358771800994873
308,308.0,1.8489824533462524
309,309.0,1.8171072006225586
310,310.0,1.8040883541107178
311,311.0,1.880697250366211
312,312.0,1.8465385437011719
313,313.0,1.8346532583236694
314,314.0,1.810794711112976
315,315.0,1.8182851076126099
316,316.0,1.8130682706832886
317,317.0,1.8689523935317993
318,318.0,1.8528317213058472
319,319.0,1.826457142829895
320,320.0,1.8900079727172852
321,321.0,1.803633689880371
322,322.0,1.8409749269485474
323,323.0,1.8680598735809326
324,324.0,1.8529912233352661
325,325.0,1.7916688919067383
326,326.0,1.804131031036377
327,327.0,1.7282363176345825
328,328.0,1.8539843559265137
329,329.0,1.847063660621643
330,330.0,1.796423316001892
331,331.0,1.8527737855911255
332,332.0,1.8582993745803833
333,333.0,1.8241181373596191
334,334.0,1.830429196357727
335,335.0,1.8724316358566284
336,336.0,1.8545588254928589
337,337.0,1.776259422302246
338,338.0,1.8091681003570557
339,339.0,1.8141510486602783
340,340.0,1.8145281076431274
